# Résultat du test Linpack optimise pour Intel

Current date/time: Mon Jun 13 02:06:18 2022

CPU frequency:    3.545 GHz
Number of CPUs: 1
Number of cores: 4
Number of threads: 4

Parameters are set to:

Number of tests: 10
Number of equations to solve (problem size) : 1000  1000  7000  7000  14000 14000 21000 21000 28000 28000
Leading dimension of array                  : 1008  1008  7008  7008  14008 14008 21008 21008 28008 28008
Number of trials to run                     : 2     10    2     10    2     10    2     10    2     10   
Data alignment value (in Kbytes)            : 4     4     4     4     4     4     4     4     4     4    

Maximum memory requested that can be used=6274356256, at the size=28000

=================== Timing linear equation system solver ===================

Size   LDA    Align. Time(s)    GFlops   Residual     Residual(norm) Check
1000   1008   4      0.020      34.1528  1.257328e-12 3.754416e-02   pass
1000   1008   4      0.011      61.1336  1.257328e-12 3.754416e-02   pass
1000   1008   4      0.011      60.5265  1.257328e-12 3.754416e-02   pass
1000   1008   4      0.011      61.2781  1.257328e-12 3.754416e-02   pass
1000   1008   4      0.011      60.3087  1.257328e-12 3.754416e-02   pass
1000   1008   4      0.011      61.0833  1.257328e-12 3.754416e-02   pass
1000   1008   4      0.011      60.9247  1.257328e-12 3.754416e-02   pass
1000   1008   4      0.011      58.7426  1.257328e-12 3.754416e-02   pass
1000   1008   4      0.011      60.0002  1.257328e-12 3.754416e-02   pass
1000   1008   4      0.011      61.2097  1.257328e-12 3.754416e-02   pass
1000   1008   4      0.011      60.9430  1.257328e-12 3.754416e-02   pass
1000   1008   4      0.011      60.2093  1.257328e-12 3.754416e-02   pass
7000   7008   4      2.698      84.7895  5.041556e-11 3.418925e-02   pass
7000   7008   4      2.689      85.0678  5.041556e-11 3.418925e-02   pass
7000   7008   4      2.699      84.7535  5.041556e-11 3.418925e-02   pass
7000   7008   4      2.696      84.8672  5.041556e-11 3.418925e-02   pass
7000   7008   4      2.687      85.1455  5.041556e-11 3.418925e-02   pass
7000   7008   4      2.688      85.1074  5.041556e-11 3.418925e-02   pass
7000   7008   4      2.674      85.5452  5.041556e-11 3.418925e-02   pass
7000   7008   4      2.686      85.1753  5.041556e-11 3.418925e-02   pass
7000   7008   4      2.772      82.5154  5.041556e-11 3.418925e-02   pass
7000   7008   4      2.813      81.3159  5.041556e-11 3.418925e-02   pass
7000   7008   4      2.813      81.3209  5.041556e-11 3.418925e-02   pass
7000   7008   4      2.813      81.3124  5.041556e-11 3.418925e-02   pass
14000  14008  4      22.670     80.7120  1.828867e-10 3.186445e-02   pass
14000  14008  4      22.582     81.0268  1.828867e-10 3.186445e-02   pass
14000  14008  4      22.532     81.2039  1.828867e-10 3.186445e-02   pass
14000  14008  4      23.473     77.9500  1.828867e-10 3.186445e-02   pass
14000  14008  4      22.683     80.6633  1.828867e-10 3.186445e-02   pass
14000  14008  4      22.671     80.7080  1.828867e-10 3.186445e-02   pass
14000  14008  4      22.616     80.9027  1.828867e-10 3.186445e-02   pass
14000  14008  4      23.455     78.0088  1.828867e-10 3.186445e-02   pass
14000  14008  4      22.709     80.5737  1.828867e-10 3.186445e-02   pass
14000  14008  4      22.591     80.9940  1.828867e-10 3.186445e-02   pass
14000  14008  4      22.556     81.1200  1.828867e-10 3.186445e-02   pass
14000  14008  4      22.583     81.0208  1.828867e-10 3.186445e-02   pass
21000  21008  4      75.483     81.8050  3.481608e-10 2.716613e-02   pass
21000  21008  4      75.593     81.6862  3.481608e-10 2.716613e-02   pass
21000  21008  4      75.688     81.5832  3.481608e-10 2.716613e-02   pass
21000  21008  4      75.476     81.8130  3.481608e-10 2.716613e-02   pass
21000  21008  4      75.345     81.9544  3.481608e-10 2.716613e-02   pass
21000  21008  4      75.473     81.8160  3.481608e-10 2.716613e-02   pass
21000  21008  4      77.532     79.6430  3.481608e-10 2.716613e-02   pass
21000  21008  4      84.727     72.8793  3.481608e-10 2.716613e-02   pass
21000  21008  4      75.404     81.8911  3.481608e-10 2.716613e-02   pass
21000  21008  4      75.546     81.7369  3.481608e-10 2.716613e-02   pass
21000  21008  4      75.307     81.9958  3.481608e-10 2.716613e-02   pass
21000  21008  4      75.420     81.8731  3.481608e-10 2.716613e-02   pass
28000  28008  4      179.798    81.4037  6.705517e-10 2.954908e-02   pass
28000  28008  4      179.291    81.6341  6.705517e-10 2.954908e-02   pass
28000  28008  4      179.316    81.6228  6.705517e-10 2.954908e-02   pass
28000  28008  4      179.247    81.6538  6.705517e-10 2.954908e-02   pass
28000  28008  4      179.349    81.6078  6.705517e-10 2.954908e-02   pass
28000  28008  4      179.358    81.6035  6.705517e-10 2.954908e-02   pass
28000  28008  4      179.388    81.5898  6.705517e-10 2.954908e-02   pass
28000  28008  4      179.368    81.5987  6.705517e-10 2.954908e-02   pass
28000  28008  4      179.263    81.6468  6.705517e-10 2.954908e-02   pass
28000  28008  4      179.489    81.5441  6.705517e-10 2.954908e-02   pass
28000  28008  4      180.116    81.2602  6.705517e-10 2.954908e-02   pass
28000  28008  4      179.455    81.5593  6.705517e-10 2.954908e-02   pass

Performance Summary (GFlops)

Size   LDA    Align.  Average  Maximal
1000   1008   4       47.6432  61.1336 
1000   1008   4       60.5226  61.2781 
7000   7008   4       84.9287  85.0678 
7000   7008   4       83.7059  85.5452 
14000  14008  4       80.8694  81.0268 
14000  14008  4       80.3145  81.2039 
21000  21008  4       81.7456  81.8050 
21000  21008  4       80.7186  81.9958 
28000  28008  4       81.5189  81.6341 
28000  28008  4       81.5687  81.6538 

Residual checks PASSED

End of tests

