# Résultat du test Linpack optimisé pour Intel

Current date/time: Mon Jun 13 09:57:07 2022

CPU frequency:    3.690 GHz
Number of CPUs: 1
Number of cores: 4
Number of threads: 4

Parameters are set to:

Number of tests: 10
Number of equations to solve (problem size) : 1000  1000  7000  7000  14000 14000 21000 21000 28000 28000
Leading dimension of array                  : 1008  1008  7008  7008  14008 14008 21008 21008 28008 28008
Number of trials to run                     : 2     10    2     10    2     10    2     10    2     10   
Data alignment value (in Kbytes)            : 4     4     4     4     4     4     4     4     4     4    

Maximum memory requested that can be used=6274356256, at the size=28000

=================== Timing linear equation system solver ===================

Size   LDA    Align. Time(s)    GFlops   Residual     Residual(norm) Check
1000   1008   4      0.010      68.0363  1.257328e-12 3.754416e-02   pass
1000   1008   4      0.009      71.4382  1.257328e-12 3.754416e-02   pass
1000   1008   4      0.009      71.3092  1.257328e-12 3.754416e-02   pass
1000   1008   4      0.009      71.4691  1.257328e-12 3.754416e-02   pass
1000   1008   4      0.009      71.2712  1.257328e-12 3.754416e-02   pass
1000   1008   4      0.009      71.1428  1.257328e-12 3.754416e-02   pass
1000   1008   4      0.009      71.5074  1.257328e-12 3.754416e-02   pass
1000   1008   4      0.009      71.0743  1.257328e-12 3.754416e-02   pass
1000   1008   4      0.009      71.2639  1.257328e-12 3.754416e-02   pass
1000   1008   4      0.009      71.1735  1.257328e-12 3.754416e-02   pass
1000   1008   4      0.009      71.4145  1.257328e-12 3.754416e-02   pass
1000   1008   4      0.009      71.4000  1.257328e-12 3.754416e-02   pass
7000   7008   4      2.612      87.5858  5.041556e-11 3.418925e-02   pass
7000   7008   4      2.611      87.6299  5.041556e-11 3.418925e-02   pass
7000   7008   4      2.609      87.6773  5.041556e-11 3.418925e-02   pass
7000   7008   4      2.614      87.5149  5.041556e-11 3.418925e-02   pass
7000   7008   4      2.614      87.5257  5.041556e-11 3.418925e-02   pass
7000   7008   4      2.611      87.6242  5.041556e-11 3.418925e-02   pass
7000   7008   4      2.612      87.5790  5.041556e-11 3.418925e-02   pass
7000   7008   4      2.612      87.5871  5.041556e-11 3.418925e-02   pass
7000   7008   4      2.614      87.4998  5.041556e-11 3.418925e-02   pass
7000   7008   4      2.618      87.3872  5.041556e-11 3.418925e-02   pass
7000   7008   4      2.619      87.3359  5.041556e-11 3.418925e-02   pass
7000   7008   4      2.616      87.4325  5.041556e-11 3.418925e-02   pass
14000  14008  4      20.413     89.6371  1.828867e-10 3.186445e-02   pass
14000  14008  4      21.397     85.5140  1.828867e-10 3.186445e-02   pass
14000  14008  4      21.384     85.5654  1.828867e-10 3.186445e-02   pass
14000  14008  4      21.354     85.6837  1.828867e-10 3.186445e-02   pass
14000  14008  4      21.377     85.5933  1.828867e-10 3.186445e-02   pass
14000  14008  4      21.390     85.5411  1.828867e-10 3.186445e-02   pass
14000  14008  4      21.384     85.5672  1.828867e-10 3.186445e-02   pass
14000  14008  4      21.413     85.4494  1.828867e-10 3.186445e-02   pass
14000  14008  4      21.403     85.4891  1.828867e-10 3.186445e-02   pass
14000  14008  4      21.428     85.3906  1.828867e-10 3.186445e-02   pass
14000  14008  4      21.352     85.6933  1.828867e-10 3.186445e-02   pass
14000  14008  4      21.352     85.6946  1.828867e-10 3.186445e-02   pass
21000  21008  4      71.710     86.1095  3.481608e-10 2.716613e-02   pass
21000  21008  4      71.538     86.3159  3.481608e-10 2.716613e-02   pass
21000  21008  4      71.532     86.3239  3.481608e-10 2.716613e-02   pass
21000  21008  4      71.519     86.3396  3.481608e-10 2.716613e-02   pass
21000  21008  4      71.508     86.3520  3.481608e-10 2.716613e-02   pass
21000  21008  4      71.572     86.2747  3.481608e-10 2.716613e-02   pass
21000  21008  4      71.574     86.2732  3.481608e-10 2.716613e-02   pass
21000  21008  4      71.613     86.2254  3.481608e-10 2.716613e-02   pass
21000  21008  4      71.688     86.1353  3.481608e-10 2.716613e-02   pass
21000  21008  4      71.580     86.2650  3.481608e-10 2.716613e-02   pass
21000  21008  4      71.547     86.3049  3.481608e-10 2.716613e-02   pass
21000  21008  4      71.585     86.2599  3.481608e-10 2.716613e-02   pass
28000  28008  4      169.407    86.3969  9.537231e-07 4.202753e+01   pass
28000  28008  4      169.157    86.5245  9.537660e-07 4.202942e+01   pass
28000  28008  4      169.212    86.4963  7.153235e-07 3.152203e+01   pass
28000  28008  4      169.050    86.5793  1.263622e-05 5.568376e+02   FAIL
28000  28008  4      169.112    86.5476  9.536084e-07 4.202248e+01   pass
28000  28008  4      169.130    86.5383  5.483497e-06 2.416401e+02   FAIL
28000  28008  4      169.085    86.5612  8.583115e-06 3.782303e+02   FAIL
28000  28008  4      169.051    86.5786  4.529823e-06 1.996148e+02   FAIL
28000  28008  4      169.113    86.5470  9.536659e-07 4.202501e+01   pass
28000  28008  4      169.102    86.5525  6.705517e-10 2.954908e-02   pass
28000  28008  4      169.044    86.5823  6.705517e-10 2.954908e-02   pass
28000  28008  4      169.173    86.5166  3.815096e-06 1.681191e+02   FAIL

Performance Summary (GFlops)

Size   LDA    Align.  Average  Maximal
1000   1008   4       69.7372  71.4382 
1000   1008   4       71.3026  71.5074 
7000   7008   4       87.6079  87.6299 
7000   7008   4       87.5164  87.6773 
14000  14008  4       87.5756  89.6371 
14000  14008  4       85.5668  85.6946 
21000  21008  4       86.2127  86.3159 
21000  21008  4       86.2754  86.3520 
28000  28008  4       86.4607  86.5245 
28000  28008  4       86.5500  86.5823 

Residual checks FAILED

End of tests

