# Résultat du test Linpack optimise pour Intel

Current date/time: Sun Jun 12 22:16:48 2022

CPU frequency:    3.577 GHz
Number of CPUs: 1
Number of cores: 4
Number of threads: 4

Parameters are set to:

Number of tests: 10
Number of equations to solve (problem size) : 1000  1000  7000  7000  14000 14000 21000 21000 28000 28000
Leading dimension of array                  : 1008  1008  7008  7008  14008 14008 21008 21008 28008 28008
Number of trials to run                     : 2     10    2     10    2     10    2     10    2     10   
Data alignment value (in Kbytes)            : 4     4     4     4     4     4     4     4     4     4    

Maximum memory requested that can be used=6274356256, at the size=28000

=================== Timing linear equation system solver ===================

Size   LDA    Align. Time(s)    GFlops   Residual     Residual(norm) Check
1000   1008   4      0.020      34.1889  1.257328e-12 3.754416e-02   pass
1000   1008   4      0.012      58.0495  1.257328e-12 3.754416e-02   pass
1000   1008   4      0.011      61.1906  1.257328e-12 3.754416e-02   pass
1000   1008   4      0.013      51.2887  1.257328e-12 3.754416e-02   pass
1000   1008   4      0.015      45.0976  1.257328e-12 3.754416e-02   pass
1000   1008   4      0.013      49.6552  1.257328e-12 3.754416e-02   pass
1000   1008   4      0.013      50.3981  1.257328e-12 3.754416e-02   pass
1000   1008   4      0.015      45.2266  1.257328e-12 3.754416e-02   pass
1000   1008   4      0.012      54.1623  1.257328e-12 3.754416e-02   pass
1000   1008   4      0.012      54.1365  1.257328e-12 3.754416e-02   pass
1000   1008   4      0.012      55.0402  1.257328e-12 3.754416e-02   pass
1000   1008   4      0.013      53.1781  1.257328e-12 3.754416e-02   pass
7000   7008   4      3.376      67.7659  5.041556e-11 3.418925e-02   pass
7000   7008   4      3.596      63.6091  5.041556e-11 3.418925e-02   pass
7000   7008   4      3.297      69.3760  5.041556e-11 3.418925e-02   pass
7000   7008   4      3.725      61.4179  5.041556e-11 3.418925e-02   pass
7000   7008   4      3.324      68.8264  5.041556e-11 3.418925e-02   pass
7000   7008   4      3.538      64.6510  5.041556e-11 3.418925e-02   pass
7000   7008   4      3.332      68.6482  5.041556e-11 3.418925e-02   pass
7000   7008   4      3.556      64.3390  5.041556e-11 3.418925e-02   pass
7000   7008   4      3.479      65.7510  5.041556e-11 3.418925e-02   pass
7000   7008   4      3.439      66.5184  5.041556e-11 3.418925e-02   pass
7000   7008   4      3.589      63.7400  5.041556e-11 3.418925e-02   pass
7000   7008   4      3.762      60.8081  5.041556e-11 3.418925e-02   pass
14000  14008  4      28.465     64.2802  1.828867e-10 3.186445e-02   pass
14000  14008  4      28.233     64.8073  1.828867e-10 3.186445e-02   pass
14000  14008  4      28.811     63.5085  1.828867e-10 3.186445e-02   pass
14000  14008  4      28.395     64.4384  1.828867e-10 3.186445e-02   pass
14000  14008  4      27.495     66.5481  1.828867e-10 3.186445e-02   pass
14000  14008  4      30.365     60.2569  1.828867e-10 3.186445e-02   pass
14000  14008  4      30.777     59.4515  1.828867e-10 3.186445e-02   pass
14000  14008  4      30.712     59.5765  1.828867e-10 3.186445e-02   pass
14000  14008  4      29.515     61.9925  1.828867e-10 3.186445e-02   pass
14000  14008  4      28.748     63.6466  1.828867e-10 3.186445e-02   pass
14000  14008  4      29.009     63.0752  1.828867e-10 3.186445e-02   pass
14000  14008  4      28.149     65.0022  1.828867e-10 3.186445e-02   pass
21000  21008  4      99.258     62.2106  3.481608e-10 2.716613e-02   pass
21000  21008  4      97.813     63.1297  3.481608e-10 2.716613e-02   pass
21000  21008  4      97.413     63.3890  3.481608e-10 2.716613e-02   pass
21000  21008  4      95.708     64.5182  3.481608e-10 2.716613e-02   pass
21000  21008  4      104.474    59.1043  3.481608e-10 2.716613e-02   pass
21000  21008  4      95.921     64.3744  3.481608e-10 2.716613e-02   pass
21000  21008  4      94.817     65.1241  3.481608e-10 2.716613e-02   pass
21000  21008  4      97.006     63.6545  3.481608e-10 2.716613e-02   pass
21000  21008  4      95.848     64.4234  3.481608e-10 2.716613e-02   pass
21000  21008  4      94.767     65.1583  3.481608e-10 2.716613e-02   pass
21000  21008  4      95.467     64.6806  3.481608e-10 2.716613e-02   pass
21000  21008  4      94.630     65.2529  3.481608e-10 2.716613e-02   pass
28000  28008  4      228.304    64.1084  6.705517e-10 2.954908e-02   pass
28000  28008  4      230.114    63.6043  6.705517e-10 2.954908e-02   pass
28000  28008  4      227.617    64.3021  6.705517e-10 2.954908e-02   pass
28000  28008  4      228.326    64.1023  6.705517e-10 2.954908e-02   pass
28000  28008  4      227.781    64.2556  6.705517e-10 2.954908e-02   pass
28000  28008  4      227.270    64.4002  6.705517e-10 2.954908e-02   pass
28000  28008  4      229.678    63.7249  6.705517e-10 2.954908e-02   pass
28000  28008  4      227.306    64.3899  6.705517e-10 2.954908e-02   pass
28000  28008  4      226.696    64.5633  6.705517e-10 2.954908e-02   pass
28000  28008  4      230.194    63.5820  6.705517e-10 2.954908e-02   pass
28000  28008  4      230.461    63.5085  6.705517e-10 2.954908e-02   pass
28000  28008  4      224.892    65.0813  6.705517e-10 2.954908e-02   pass

Performance Summary (GFlops)

Size   LDA    Align.  Average  Maximal
1000   1008   4       46.1192  58.0495 
1000   1008   4       51.9374  61.1906 
7000   7008   4       65.6875  67.7659 
7000   7008   4       65.4076  69.3760 
14000  14008  4       64.5437  64.8073 
14000  14008  4       62.7496  66.5481 
21000  21008  4       62.6701  63.1297 
21000  21008  4       63.9680  65.2529 
28000  28008  4       63.8564  64.1084 
28000  28008  4       64.1910  65.0813 

Residual checks PASSED

End of tests

