# Résultat du test Linpack optimise pour Intel

Current date/time: Sun Jun 12 23:42:57 2022

CPU frequency:    3.576 GHz
Number of CPUs: 1
Number of cores: 4
Number of threads: 4

Parameters are set to:

Number of tests: 10
Number of equations to solve (problem size) : 1000  1000  7000  7000  14000 14000 21000 21000 28000 28000
Leading dimension of array                  : 1008  1008  7008  7008  14008 14008 21008 21008 28008 28008
Number of trials to run                     : 2     10    2     10    2     10    2     10    2     10   
Data alignment value (in Kbytes)            : 4     4     4     4     4     4     4     4     4     4    

Maximum memory requested that can be used=6274356256, at the size=28000

=================== Timing linear equation system solver ===================

Size   LDA    Align. Time(s)    GFlops   Residual     Residual(norm) Check
1000   1008   4      0.019      34.6801  1.257328e-12 3.754416e-02   pass
1000   1008   4      0.011      61.9945  1.257328e-12 3.754416e-02   pass
1000   1008   4      0.011      62.4339  1.257328e-12 3.754416e-02   pass
1000   1008   4      0.025      26.8080  1.257328e-12 3.754416e-02   pass
1000   1008   4      0.011      61.2114  1.257328e-12 3.754416e-02   pass
1000   1008   4      0.013      53.3636  1.257328e-12 3.754416e-02   pass
1000   1008   4      0.011      61.4352  1.257328e-12 3.754416e-02   pass
1000   1008   4      0.012      56.4876  1.257328e-12 3.754416e-02   pass
1000   1008   4      0.012      57.5901  1.257328e-12 3.754416e-02   pass
1000   1008   4      0.011      60.4745  1.257328e-12 3.754416e-02   pass
1000   1008   4      0.010      70.3652  1.257328e-12 3.754416e-02   pass
1000   1008   4      0.010      70.2477  1.257328e-12 3.754416e-02   pass
7000   7008   4      2.661      85.9750  5.041556e-11 3.418925e-02   pass
7000   7008   4      2.662      85.9508  5.041556e-11 3.418925e-02   pass
7000   7008   4      2.631      86.9480  5.041556e-11 3.418925e-02   pass
7000   7008   4      2.639      86.6969  5.041556e-11 3.418925e-02   pass
7000   7008   4      2.645      86.4769  5.041556e-11 3.418925e-02   pass
7000   7008   4      2.646      86.4544  5.041556e-11 3.418925e-02   pass
7000   7008   4      2.652      86.2657  5.041556e-11 3.418925e-02   pass
7000   7008   4      2.657      86.0882  5.041556e-11 3.418925e-02   pass
7000   7008   4      2.644      86.5175  5.041556e-11 3.418925e-02   pass
7000   7008   4      2.645      86.4815  5.041556e-11 3.418925e-02   pass
7000   7008   4      2.654      86.2039  5.041556e-11 3.418925e-02   pass
7000   7008   4      2.647      86.4238  5.041556e-11 3.418925e-02   pass
14000  14008  4      21.704     84.3049  1.828867e-10 3.186445e-02   pass
14000  14008  4      22.012     83.1238  1.828867e-10 3.186445e-02   pass
14000  14008  4      22.006     83.1468  1.828867e-10 3.186445e-02   pass
14000  14008  4      23.031     79.4460  1.828867e-10 3.186445e-02   pass
14000  14008  4      22.140     82.6442  1.828867e-10 3.186445e-02   pass
14000  14008  4      22.357     81.8420  1.828867e-10 3.186445e-02   pass
14000  14008  4      22.119     82.7233  1.828867e-10 3.186445e-02   pass
14000  14008  4      22.763     80.3826  1.828867e-10 3.186445e-02   pass
14000  14008  4      22.547     81.1498  1.828867e-10 3.186445e-02   pass
14000  14008  4      22.214     82.3680  1.828867e-10 3.186445e-02   pass
14000  14008  4      22.054     82.9668  1.828867e-10 3.186445e-02   pass
14000  14008  4      22.029     83.0604  1.828867e-10 3.186445e-02   pass
21000  21008  4      74.501     82.8828  3.481608e-10 2.716613e-02   pass
21000  21008  4      74.248     83.1651  3.481608e-10 2.716613e-02   pass
21000  21008  4      74.155     83.2702  3.481608e-10 2.716613e-02   pass
21000  21008  4      74.261     83.1509  3.481608e-10 2.716613e-02   pass
21000  21008  4      74.248     83.1652  3.481608e-10 2.716613e-02   pass
21000  21008  4      74.191     83.2295  3.481608e-10 2.716613e-02   pass
21000  21008  4      74.444     82.9472  3.481608e-10 2.716613e-02   pass
21000  21008  4      86.029     71.7771  3.481608e-10 2.716613e-02   pass
21000  21008  4      74.186     83.2351  3.481608e-10 2.716613e-02   pass
21000  21008  4      74.222     83.1952  3.481608e-10 2.716613e-02   pass
21000  21008  4      74.327     83.0777  3.481608e-10 2.716613e-02   pass
21000  21008  4      74.217     83.2005  3.481608e-10 2.716613e-02   pass
28000  28008  4      176.838    82.7662  6.705517e-10 2.954908e-02   pass
28000  28008  4      176.280    83.0281  6.705517e-10 2.954908e-02   pass
28000  28008  4      176.672    82.8443  6.705517e-10 2.954908e-02   pass
28000  28008  4      176.276    83.0300  6.705517e-10 2.954908e-02   pass
28000  28008  4      176.291    83.0232  6.705517e-10 2.954908e-02   pass
28000  28008  4      176.520    82.9155  6.705517e-10 2.954908e-02   pass
28000  28008  4      176.215    83.0589  6.705517e-10 2.954908e-02   pass
28000  28008  4      176.283    83.0270  6.705517e-10 2.954908e-02   pass
28000  28008  4      176.233    83.0506  6.705517e-10 2.954908e-02   pass
28000  28008  4      176.236    83.0489  6.705517e-10 2.954908e-02   pass
28000  28008  4      176.219    83.0571  6.705517e-10 2.954908e-02   pass
28000  28008  4      176.292    83.0229  6.705517e-10 2.954908e-02   pass

Performance Summary (GFlops)

Size   LDA    Align.  Average  Maximal
1000   1008   4       48.3373  61.9945 
1000   1008   4       58.0417  70.3652 
7000   7008   4       85.9629  85.9750 
7000   7008   4       86.4557  86.9480 
14000  14008  4       83.7143  84.3049 
14000  14008  4       81.9730  83.1468 
21000  21008  4       83.0240  83.1651 
21000  21008  4       82.0249  83.2702 
28000  28008  4       82.8972  83.0281 
28000  28008  4       83.0078  83.0589 

Residual checks PASSED

End of tests

