# Résultat du test Linpack optimise pour Intel

Current date/time: Sun Jun 12 21:03:55 2022

CPU frequency:    3.677 GHz
Number of CPUs: 1
Number of cores: 4
Number of threads: 4

Parameters are set to:

Number of tests: 10
Number of equations to solve (problem size) : 1000  1000  7000  7000  14000 14000 21000 21000 28000 28000
Leading dimension of array                  : 1008  1008  7008  7008  14008 14008 21008 21008 28008 28008
Number of trials to run                     : 2     10    2     10    2     10    2     10    2     10   
Data alignment value (in Kbytes)            : 4     4     4     4     4     4     4     4     4     4    

Maximum memory requested that can be used=6274356256, at the size=28000

=================== Timing linear equation system solver ===================

Size   LDA    Align. Time(s)    GFlops   Residual     Residual(norm) Check
1000   1008   4      0.010      65.0840  1.257328e-12 3.754416e-02   pass
1000   1008   4      0.009      70.9212  1.257328e-12 3.754416e-02   pass
1000   1008   4      0.009      70.4052  1.257328e-12 3.754416e-02   pass
1000   1008   4      0.009      70.5635  1.257328e-12 3.754416e-02   pass
1000   1008   4      0.011      61.2383  1.257328e-12 3.754416e-02   pass
1000   1008   4      0.009      70.9220  1.257328e-12 3.754416e-02   pass
1000   1008   4      0.009      70.4505  1.257328e-12 3.754416e-02   pass
1000   1008   4      0.009      70.9062  1.257328e-12 3.754416e-02   pass
1000   1008   4      0.010      70.3401  1.257328e-12 3.754416e-02   pass
1000   1008   4      0.009      70.8979  1.257328e-12 3.754416e-02   pass
1000   1008   4      0.009      70.4112  1.257328e-12 3.754416e-02   pass
1000   1008   4      0.009      70.9830  1.257328e-12 3.754416e-02   pass
7000   7008   4      2.627      87.0659  5.041556e-11 3.418925e-02   pass
7000   7008   4      2.624      87.1927  5.041556e-11 3.418925e-02   pass
7000   7008   4      2.624      87.1819  5.041556e-11 3.418925e-02   pass
7000   7008   4      2.625      87.1464  5.041556e-11 3.418925e-02   pass
7000   7008   4      2.623      87.1983  5.041556e-11 3.418925e-02   pass
7000   7008   4      2.627      87.0828  5.041556e-11 3.418925e-02   pass
7000   7008   4      2.633      86.8808  5.041556e-11 3.418925e-02   pass
7000   7008   4      2.630      86.9851  5.041556e-11 3.418925e-02   pass
7000   7008   4      2.631      86.9567  5.041556e-11 3.418925e-02   pass
7000   7008   4      2.629      87.0185  5.041556e-11 3.418925e-02   pass
7000   7008   4      2.626      87.0994  5.041556e-11 3.418925e-02   pass
7000   7008   4      2.635      86.8048  5.041556e-11 3.418925e-02   pass
14000  14008  4      21.354     85.6836  1.828867e-10 3.186445e-02   pass
14000  14008  4      21.966     83.2978  1.828867e-10 3.186445e-02   pass
14000  14008  4      22.022     83.0871  1.828867e-10 3.186445e-02   pass
14000  14008  4      21.996     83.1830  1.828867e-10 3.186445e-02   pass
14000  14008  4      21.975     83.2629  1.828867e-10 3.186445e-02   pass
14000  14008  4      21.997     83.1814  1.828867e-10 3.186445e-02   pass
14000  14008  4      21.997     83.1790  1.828867e-10 3.186445e-02   pass
14000  14008  4      22.170     82.5307  1.828867e-10 3.186445e-02   pass
14000  14008  4      22.009     83.1355  1.828867e-10 3.186445e-02   pass
14000  14008  4      22.012     83.1225  1.828867e-10 3.186445e-02   pass
14000  14008  4      22.044     83.0035  1.828867e-10 3.186445e-02   pass
14000  14008  4      22.012     83.1221  1.828867e-10 3.186445e-02   pass
21000  21008  4      74.027     83.4141  3.481608e-10 2.716613e-02   pass
21000  21008  4      73.844     83.6202  3.481608e-10 2.716613e-02   pass
21000  21008  4      73.947     83.5046  3.481608e-10 2.716613e-02   pass
21000  21008  4      73.983     83.4633  3.481608e-10 2.716613e-02   pass
21000  21008  4      73.982     83.4645  3.481608e-10 2.716613e-02   pass
21000  21008  4      73.883     83.5764  3.481608e-10 2.716613e-02   pass
21000  21008  4      73.840     83.6253  3.481608e-10 2.716613e-02   pass
21000  21008  4      73.972     83.4761  3.481608e-10 2.716613e-02   pass
21000  21008  4      73.915     83.5407  3.481608e-10 2.716613e-02   pass
21000  21008  4      73.813     83.6558  3.481608e-10 2.716613e-02   pass
21000  21008  4      73.791     83.6807  3.481608e-10 2.716613e-02   pass
21000  21008  4      73.761     83.7150  3.481608e-10 2.716613e-02   pass
28000  28008  4      175.287    83.4987  6.705517e-10 2.954908e-02   pass
28000  28008  4      175.201    83.5398  6.705517e-10 2.954908e-02   pass
28000  28008  4      175.233    83.5245  6.705517e-10 2.954908e-02   pass
28000  28008  4      175.181    83.5494  6.705517e-10 2.954908e-02   pass
28000  28008  4      175.229    83.5261  6.705517e-10 2.954908e-02   pass
28000  28008  4      175.421    83.4348  6.705517e-10 2.954908e-02   pass
28000  28008  4      175.177    83.5509  6.705517e-10 2.954908e-02   pass
28000  28008  4      175.051    83.6112  6.705517e-10 2.954908e-02   pass
28000  28008  4      175.100    83.5881  6.705517e-10 2.954908e-02   pass
28000  28008  4      175.098    83.5890  6.705517e-10 2.954908e-02   pass
28000  28008  4      175.208    83.5362  6.705517e-10 2.954908e-02   pass
28000  28008  4      175.057    83.6083  6.705517e-10 2.954908e-02   pass

Performance Summary (GFlops)

Size   LDA    Align.  Average  Maximal
1000   1008   4       68.0026  70.9212 
1000   1008   4       69.7118  70.9830 
7000   7008   4       87.1293  87.1927 
7000   7008   4       87.0355  87.1983 
14000  14008  4       84.4907  85.6836 
14000  14008  4       83.0808  83.2629 
21000  21008  4       83.5171  83.6202 
21000  21008  4       83.5702  83.7150 
28000  28008  4       83.5192  83.5398 
28000  28008  4       83.5518  83.6112 

Residual checks PASSED

End of tests

