# Résultat du test Linpack optimise pour Intel

Current date/time: Mon Jun 13 00:46:17 2022

CPU frequency:    3.478 GHz
Number of CPUs: 1
Number of cores: 4
Number of threads: 4

Parameters are set to:

Number of tests: 10
Number of equations to solve (problem size) : 1000  1000  7000  7000  14000 14000 21000 21000 28000 28000
Leading dimension of array                  : 1008  1008  7008  7008  14008 14008 21008 21008 28008 28008
Number of trials to run                     : 2     10    2     10    2     10    2     10    2     10   
Data alignment value (in Kbytes)            : 4     4     4     4     4     4     4     4     4     4    

Maximum memory requested that can be used=6274356256, at the size=28000

=================== Timing linear equation system solver ===================

Size   LDA    Align. Time(s)    GFlops   Residual     Residual(norm) Check
1000   1008   4      0.018      36.4108  1.257328e-12 3.754416e-02   pass
1000   1008   4      0.011      60.4062  1.257328e-12 3.754416e-02   pass
1000   1008   4      0.013      49.8585  1.257328e-12 3.754416e-02   pass
1000   1008   4      0.015      44.2588  1.257328e-12 3.754416e-02   pass
1000   1008   4      0.012      55.3147  1.257328e-12 3.754416e-02   pass
1000   1008   4      0.013      51.0819  1.257328e-12 3.754416e-02   pass
1000   1008   4      0.013      51.9732  1.257328e-12 3.754416e-02   pass
1000   1008   4      0.015      45.3961  1.257328e-12 3.754416e-02   pass
1000   1008   4      0.013      51.8567  1.257328e-12 3.754416e-02   pass
1000   1008   4      0.013      52.7107  1.257328e-12 3.754416e-02   pass
1000   1008   4      0.013      51.8962  1.257328e-12 3.754416e-02   pass
1000   1008   4      0.013      52.9314  1.257328e-12 3.754416e-02   pass
7000   7008   4      3.343      68.4290  5.041556e-11 3.418925e-02   pass
7000   7008   4      3.229      70.8397  5.041556e-11 3.418925e-02   pass
7000   7008   4      3.870      59.1191  5.041556e-11 3.418925e-02   pass
7000   7008   4      3.774      60.6142  5.041556e-11 3.418925e-02   pass
7000   7008   4      3.410      67.0954  5.041556e-11 3.418925e-02   pass
7000   7008   4      3.701      61.8039  5.041556e-11 3.418925e-02   pass
7000   7008   4      3.431      66.6728  5.041556e-11 3.418925e-02   pass
7000   7008   4      3.843      59.5288  5.041556e-11 3.418925e-02   pass
7000   7008   4      3.622      63.1634  5.041556e-11 3.418925e-02   pass
7000   7008   4      3.488      65.5893  5.041556e-11 3.418925e-02   pass
7000   7008   4      3.252      70.3415  5.041556e-11 3.418925e-02   pass
7000   7008   4      3.678      62.2013  5.041556e-11 3.418925e-02   pass
14000  14008  4      27.983     65.3879  1.828867e-10 3.186445e-02   pass
14000  14008  4      28.275     64.7121  1.828867e-10 3.186445e-02   pass
14000  14008  4      28.389     64.4525  1.828867e-10 3.186445e-02   pass
14000  14008  4      29.128     62.8170  1.828867e-10 3.186445e-02   pass
14000  14008  4      28.779     63.5793  1.828867e-10 3.186445e-02   pass
14000  14008  4      29.405     62.2256  1.828867e-10 3.186445e-02   pass
14000  14008  4      28.450     64.3144  1.828867e-10 3.186445e-02   pass
14000  14008  4      28.577     64.0274  1.828867e-10 3.186445e-02   pass
14000  14008  4      28.608     63.9590  1.828867e-10 3.186445e-02   pass
14000  14008  4      28.975     63.1476  1.828867e-10 3.186445e-02   pass
14000  14008  4      27.789     65.8430  1.828867e-10 3.186445e-02   pass
14000  14008  4      28.140     65.0226  1.828867e-10 3.186445e-02   pass
21000  21008  4      95.080     64.9441  3.481608e-10 2.716613e-02   pass
21000  21008  4      96.012     64.3137  3.481608e-10 2.716613e-02   pass
21000  21008  4      96.218     64.1756  3.481608e-10 2.716613e-02   pass
21000  21008  4      92.646     66.6499  3.481608e-10 2.716613e-02   pass
21000  21008  4      103.372    59.7348  3.481608e-10 2.716613e-02   pass
21000  21008  4      98.056     62.9730  3.481608e-10 2.716613e-02   pass
21000  21008  4      96.519     63.9759  3.481608e-10 2.716613e-02   pass
21000  21008  4      94.459     65.3712  3.481608e-10 2.716613e-02   pass
21000  21008  4      96.256     64.1504  3.481608e-10 2.716613e-02   pass
21000  21008  4      95.236     64.8374  3.481608e-10 2.716613e-02   pass
21000  21008  4      95.376     64.7427  3.481608e-10 2.716613e-02   pass
21000  21008  4      97.653     63.2329  3.481608e-10 2.716613e-02   pass
28000  28008  4      234.521    62.4090  6.705517e-10 2.954908e-02   pass
28000  28008  4      234.540    62.4041  6.705517e-10 2.954908e-02   pass
28000  28008  4      237.576    61.6065  6.705517e-10 2.954908e-02   pass
28000  28008  4      242.665    60.3145  6.705517e-10 2.954908e-02   pass
28000  28008  4      240.081    60.9637  6.705517e-10 2.954908e-02   pass
28000  28008  4      240.529    60.8502  6.705517e-10 2.954908e-02   pass
28000  28008  4      232.977    62.8226  6.705517e-10 2.954908e-02   pass
28000  28008  4      235.399    62.1762  6.705517e-10 2.954908e-02   pass
28000  28008  4      236.019    62.0129  6.705517e-10 2.954908e-02   pass
28000  28008  4      235.825    62.0639  6.705517e-10 2.954908e-02   pass
28000  28008  4      235.231    62.2207  6.705517e-10 2.954908e-02   pass
28000  28008  4      240.683    60.8112  6.705517e-10 2.954908e-02   pass

Performance Summary (GFlops)

Size   LDA    Align.  Average  Maximal
1000   1008   4       48.4085  60.4062 
1000   1008   4       50.7278  55.3147 
7000   7008   4       69.6344  70.8397 
7000   7008   4       63.6130  70.3415 
14000  14008  4       65.0500  65.3879 
14000  14008  4       63.9388  65.8430 
21000  21008  4       64.6289  64.9441 
21000  21008  4       63.9844  66.6499 
28000  28008  4       62.4065  62.4090 
28000  28008  4       61.5842  62.8226 

Residual checks PASSED

End of tests

