# Résultat du test Linpack optimisé pour Intel

Current date/time: Mon Jun 13 17:04:20 2022

CPU frequency:    3.662 GHz
Number of CPUs: 1
Number of cores: 8
Number of threads: 4

Parameters are set to:

Number of tests: 10
Number of equations to solve (problem size) : 1000  1000  7000  7000  14000 14000 21000 21000 28000 28000
Leading dimension of array                  : 1008  1008  7008  7008  14008 14008 21008 21008 28008 28008
Number of trials to run                     : 2     10    2     10    2     10    2     10    2     10   
Data alignment value (in Kbytes)            : 4     4     4     4     4     4     4     4     4     4    

Maximum memory requested that can be used=6274356256, at the size=28000

=================== Timing linear equation system solver ===================

Size   LDA    Align. Time(s)    GFlops   Residual     Residual(norm) Check
1000   1008   4      0.010      65.8850  1.257328e-12 3.754416e-02   pass
1000   1008   4      0.010      68.1057  1.257328e-12 3.754416e-02   pass
1000   1008   4      0.010      68.1470  1.257328e-12 3.754416e-02   pass
1000   1008   4      0.010      68.0297  1.257328e-12 3.754416e-02   pass
1000   1008   4      0.010      68.5468  1.257328e-12 3.754416e-02   pass
1000   1008   4      0.010      67.9950  1.257328e-12 3.754416e-02   pass
1000   1008   4      0.010      68.1769  1.257328e-12 3.754416e-02   pass
1000   1008   4      0.010      68.4280  1.257328e-12 3.754416e-02   pass
1000   1008   4      0.010      68.0511  1.257328e-12 3.754416e-02   pass
1000   1008   4      0.010      68.6928  1.257328e-12 3.754416e-02   pass
1000   1008   4      0.010      67.5561  1.257328e-12 3.754416e-02   pass
1000   1008   4      0.010      68.2449  1.257328e-12 3.754416e-02   pass
7000   7008   4      2.681      85.3143  5.041556e-11 3.418925e-02   pass
7000   7008   4      2.683      85.2492  5.041556e-11 3.418925e-02   pass
7000   7008   4      2.675      85.5320  5.041556e-11 3.418925e-02   pass
7000   7008   4      2.681      85.3421  5.041556e-11 3.418925e-02   pass
7000   7008   4      2.685      85.2153  5.041556e-11 3.418925e-02   pass
7000   7008   4      2.686      85.1586  5.041556e-11 3.418925e-02   pass
7000   7008   4      2.684      85.2452  5.041556e-11 3.418925e-02   pass
7000   7008   4      2.690      85.0305  5.041556e-11 3.418925e-02   pass
7000   7008   4      2.690      85.0412  5.041556e-11 3.418925e-02   pass
7000   7008   4      2.695      84.8964  5.041556e-11 3.418925e-02   pass
7000   7008   4      2.691      85.0102  5.041556e-11 3.418925e-02   pass
7000   7008   4      2.689      85.0623  5.041556e-11 3.418925e-02   pass
14000  14008  4      22.402     81.6787  1.828867e-10 3.186445e-02   pass
14000  14008  4      22.988     79.5962  1.828867e-10 3.186445e-02   pass
14000  14008  4      23.021     79.4814  1.828867e-10 3.186445e-02   pass
14000  14008  4      23.043     79.4038  1.828867e-10 3.186445e-02   pass
14000  14008  4      23.002     79.5447  1.828867e-10 3.186445e-02   pass
14000  14008  4      23.089     79.2477  1.828867e-10 3.186445e-02   pass
14000  14008  4      23.008     79.5249  1.828867e-10 3.186445e-02   pass
14000  14008  4      23.011     79.5151  1.828867e-10 3.186445e-02   pass
14000  14008  4      23.049     79.3825  1.828867e-10 3.186445e-02   pass
14000  14008  4      23.005     79.5363  1.828867e-10 3.186445e-02   pass
14000  14008  4      23.006     79.5326  1.828867e-10 3.186445e-02   pass
14000  14008  4      22.995     79.5718  1.828867e-10 3.186445e-02   pass
21000  21008  4      77.549     79.6258  3.481608e-10 2.716613e-02   pass
21000  21008  4      78.631     78.5296  3.481608e-10 2.716613e-02   pass
21000  21008  4      76.968     80.2270  3.481608e-10 2.716613e-02   pass
21000  21008  4      77.182     80.0040  3.481608e-10 2.716613e-02   pass
21000  21008  4      77.163     80.0242  3.481608e-10 2.716613e-02   pass
21000  21008  4      77.170     80.0168  3.481608e-10 2.716613e-02   pass
21000  21008  4      78.562     78.5989  3.481608e-10 2.716613e-02   pass
21000  21008  4      78.528     78.6330  3.481608e-10 2.716613e-02   pass
21000  21008  4      78.417     78.7443  3.481608e-10 2.716613e-02   pass
21000  21008  4      78.402     78.7587  3.481608e-10 2.716613e-02   pass
21000  21008  4      78.306     78.8562  3.481608e-10 2.716613e-02   pass
21000  21008  4      78.475     78.6864  3.481608e-10 2.716613e-02   pass
28000  28008  4      187.433    78.0879  6.705517e-10 2.954908e-02   pass
28000  28008  4      186.523    78.4686  6.705517e-10 2.954908e-02   pass
28000  28008  4      186.809    78.3486  6.705517e-10 2.954908e-02   pass
28000  28008  4      183.389    79.8099  6.705517e-10 2.954908e-02   pass
28000  28008  4      186.842    78.3347  6.705517e-10 2.954908e-02   pass
28000  28008  4      186.711    78.3899  6.705517e-10 2.954908e-02   pass
28000  28008  4      186.543    78.4606  6.705517e-10 2.954908e-02   pass
28000  28008  4      186.510    78.4745  6.705517e-10 2.954908e-02   pass
28000  28008  4      183.286    79.8548  6.705517e-10 2.954908e-02   pass
28000  28008  4      186.584    78.4430  6.705517e-10 2.954908e-02   pass
28000  28008  4      186.650    78.4153  6.705517e-10 2.954908e-02   pass
28000  28008  4      186.742    78.3769  6.705517e-10 2.954908e-02   pass

Performance Summary (GFlops)

Size   LDA    Align.  Average  Maximal
1000   1008   4       66.9953  68.1057 
1000   1008   4       68.1868  68.6928 
7000   7008   4       85.2817  85.3143 
7000   7008   4       85.1534  85.5320 
14000  14008  4       80.6374  81.6787 
14000  14008  4       79.4741  79.5718 
21000  21008  4       79.0777  79.6258 
21000  21008  4       79.2549  80.2270 
28000  28008  4       78.2783  78.4686 
28000  28008  4       78.6908  79.8548 

Residual checks PASSED

End of tests

